((4,3),(4,7),(4,10))
((3,2),(3,5),(3,7))
((3,3),(3,6),(3,8))
((2,3),(2,5),(2,8))
((4,2),(4,4),(4,6))
((3,5),(3,7),(3,10))
((3,4),(3,6),(3,8))
((4,2),(4,4),(3,7))
((3,2),(3,4),(3,7))
((3,2),(2,4),(2,7))
((4,2),(4,5),(4,8))
((4,3),(3,7),(4,11))
((4,3),(4,5),(4,8))
((3,4),(3,6),(3,10))
((3,3),(3,5),(3,8))
((3,4),(3,6),(3,9))
((3,3),(3,6),(4,9))
((3,2),(3,5),(2,9))
((2,2),(2,5),(2,8))
((3,5),(2,7),(2,10))
((3,3),(3,6),(3,9))
((3,3),(4,5),(4,7))
((3,2),(3,4),(3,6))
((2,2),(2,5),(2,7))
((3,2),(3,4),(2,6))
((2,2),(2,4),(2,6))
((3,2),(3,5),(3,9))
((3,3),(3,5),(3,9))
((3,3),(3,6),(3,10))
((4,3),(4,6),(4,10))
((3,4),(3,7),(3,9))
